index	no	        github account	    w7
1	    40823932	40823932	        缺
2	    41023137	41023137	        
3	    41071203	41071203	        
4	    41071205	41071205	        
5	    41123144	41123144	        
6	    41123242	yoyo77651	        缺
7	    41323201	41323201	        
8	    41323202	41323202	        
9	    41323203	41323203	        
10	    41323204	41323204	        
11	    41323205	41323205	        
12	    41323207	41323207	        
13	    41323208	41323208	        
14	    41323209	41323209	        
15	    41323210	41323210	        
16	    41323211	41323211	        
17	    41323212	41323212	        
18	    41323213	Zxc535789	        
19	    41323214	41323214no2	        
20	    41323215	41323215	        
21	    41323216	ffwfggw	        
22	    41323217	linpastone-41323217
23	    41323218	41323218	        
24	    41323219	41323219	        
25	    41323220	413232220	        
26	    41323221	Wayan0907	        
27	    41323222	41323222	        
28	    41323223	41323223	        
29	    41323224	41323224	        
30	    41323225	wlison888	        
31	    41323226	41323226	        
32	    41323227	S41323227	        
33	    41323228	41323228	        
34	    41323229	41323229	        
35	    41323230	41323230	        
36	    41323231	41323231	        
37	    41323232	41323232	        
38	    41323233	41323233	        
39	    41323234	zxc41323234	    
40	    41323235	        缺
41	    41323236	41323236	        
42	    41323237	41323237	        
43	    41323238	polo852	        
44	    41323240	41323240	        
45	    41323241	41323241	        
46	    41323242	41323242-042	    
47	    41323243	41323243	        
48	    41323244	41323244	        
49	    41323245	41323245	        
50	    41323246	Tsaichengchien	
51	    41323247	41323247	        
52	    41323248	ZJJ41323248	    
53	    41323249	41323249	        
54	    41323250	41323250	        
55	    41323251	danm-man0713	    
56	    41323252	41323252	        
